$ANSIBLE_VAULT;1.1;AES256
66356665393939633966323130346166333265373033333765376234626633333537636339323330
3530386536343434656465613636643761333333373961660a653763633264353132353163306137
39666337363166386539373764646438636330616664346364323038326537343434353866623362
3334326230623533300a366662636561346530643663653331333738326133333336376166636263
34613336393230633265336235323736656266633564393330663035306662656664383830383461
34393463356365653166373937326432393836393563313539663566636130626261306232363839
31646436646633643562636635326265376138663133663239303665313163646433373664363839
64313737646262336533353938393439643963363662316331303038616435313266363865393835
61323831383765323861303034343733663239306235643738346536633237353937633632303735
35623061383330343335613063393130323136303438633039653333333839306666326162383134
39636236623033636336386563326630663362656463653733366236356438383361646562643264
38313232396637383861643363343135306533646431633063623061393033366236373561663238
30343763663861663863343762633733626662666436303335663833323538393531336234633662
33343166333163613338633766353431363964383032323462343735303066303030363930373931
63353262363863353037386639323638336631303334313837663930363763653264336532623731
30376333393861633663326565353136636664313462366630383430646630313339653262326333
33663435386430326139636163346238316130656434653939346531653931396431386131366166
31376439326461373462656630656432396266623965376438323236363066633237373539376636
66633035396438626662303462346261363039616164313362323839396430633536393939653736
30343439653835633664393237636133323866663331306663373066306631616439313464376463
30643132636337626465323165313934623536333639373534356362616631613830613265613737
65643738616164313634613736613937393735313836653265336661393437613533366266626565
63366562326462613261346437623634363934313131386565353439633763393161653238643664
39643734376164313737323738343862306361343164646161643861313336643862396230613264
65313061323463316332303234323665313538353062313466623163356235343839343663643966
32346264396166366338346232306464636536383538343831303537376564346537366636376238
31363466623765353834383666643533333164643564326532306334346234613931393532333735
30373830376164656362396634613762386132313666326361646237633165363861383164346433
38373434383631363831663334623237613566303339313461626631383839323431373333623934
30316439623333656133666239393231656561643261356338633931383039613363316363393965
35656363633462303332373934653665343031666636306530316130653238386664306163353933
32653336646532356164663631306163373136306661666138333266653832366663636135393033
39303566363262376430343336396664383062656232306334316533656665366335316633393561
37343531636364323832393162633231646464626262373636626433316533326363653237333166
36386239643032386238663139303564646566663239656264393466663634383066643931626636
36636663653261323561623565643864346532383831353065623138643564303634383435623735
63353461366137336237303566376439306138393834656131616366383631393062356431343262
31366632313732346630623134303362306438393331623166323662653934633965346232376365
35343136653431666663353238336461316234306261376132313138646433613764643232666261
65653035613465653837653466376262383364396463353236663665656562313634333233306433
37323138623737396139393263656463343832316539363838633530333138376566626531356462
39613937646537383366623037353233386231636433383961356136333632613937333266653764
39633861343937653634643231623963643738646336363133663833353761633131363632613866
62376434313638646331646433623462346334616333333962626334326133646330353335353939
39386363326562333466636237333130313436393965313734343464396134316433373436633731
31353735636634393630353934336662373932366530623161663032626134653930313561663631
66323063363761323866353834623734646164323338353263623066396434636336633464663139
37316261396662626537643864356537633034383962386239376666336338346139356561383961
39363231303133396132616135323336333838316566333566366663316561306236313638383934
61663162373638313930303031633830346266376365636339633131323863346261326632623664
61363639333930373963353632376564646263393535623165363938646338383530623965653236
65313862333032626339396537663037316435316133333132343937333964333337366239303336
34643836653463633033616661623663343661313564613038303536336137353636623539326137
38336236616561303735623332363362626432336432333738333436386437356562633765363865
35653434393533616434623764343335306330623765616538343238346566393165356231663763
63333564613937636436386138316638373133633264643931343661616462336232383839386538
31656665646439326531396266316464333363336233356130643234613030346138303533353237
36666666356236343738376364383032613335306561393161346338393562353761356638346234
30626239656430336161336264646266613539616231303561306462373931373130666632383361
66303538613430613166623539356163633665643563363335333761663164366533633937356164
32346538666264313637636334396135643732306437613965363562313761376666366464623262
62613830323232333636666431646437303936386634333938646161346630306365396265303830
39393335333936616430613132626162666636633230386466356166333464313662613935633466
63333062316161323662636532353235326535613461633761323230313561646165363230656264
31643764316264643834356435303833386536363839636362393834343231663137303964653966
34623033356265663339653161363931663133633466343632343266393039376164613166323266
31656330383261383366343839616665363064316139306133343232643365323939393163376563
35383733646566663764653632633737633437316162323261323533393434623137633031663166
39356232373663646433383230633661333166396465663034333266363632356433623463663163
61333630363165316663356634393163383139613837373034626530663839393831396530323730
64343961316137376232326463366535383865313561666263613261643932303365643839313032
38393735653561646236363364323861663638383932376563333430656239663364333533663665
66653932616334656264343137623834626165316238666365643865656135353034326662313732
36623034313835653030623561323863303730393664306263393330363033633961383861323561
63623735353165393966383432613138383838303333616237633038353539333037303662306533
38393934623034396435383337333563663938326365396462633532373034313963376237376435
39656634396135323239656265313862393261316337656634393534613133313332303630383232
64666661386435613966346138376131363033616339626235643836616330333061653238343734
31353337396238386462383666666331626661386436333138313630316265303035313264663533
33303839356331346431623031333334313234343437633735663832623634613134373231313461
61373936353361613937616239353730663066316164373639613934396137346139633665643638
39663166636561323933336662343135393461393937376634396265343934396465653162616161
61313162393932343735356630623363363862366637633933666239316333663261656337616530
31363534343466646230333837386434396533663632656664646630616130653635356464306136
31343265383532383030353363373633346134363830366632366363626266326366646163653266
64383334663132643035656232396236653764663666306132326235323530363266366161396664
63353237626139333864353365666266353162656432393137323132343539663039613430316636
31656435616432636664623534303233643932653531623638663335313962393263376335613538
35643630333662323364353535376262666231653730373031383639353633336538393337333761
38386635363665306537393634613537666136316538613238353632646535636630663032663833
30346361396339376363333031326539363766393736333031353330323538336662323966646131
31343562383437666239396131363837383135393862363466373434633531623065613833346665
32336331616134343735613931356636303066336538396233373365656463656564646438393031
63313639643461356235636532333662323364393861356237386362386163393138373663356665
62386238646164353032636332363639633266613734373134386233333530303766653632343738
34316135653063353932313461336361366431653633656466303561343563653935626365623938
33386634363035346162633532366634623631666530666661396337313633623438383665376261
33396561326338643065633335333139663138636534376361643663353639363935613032376136
37393963306236356133383061363537306537626265656636393133633630393433336438313937
39303639363539336563616162373264623766643461633134336133363061636263323330616431
62666264383235326664653830376431353936326432393362313134313034336637306332376430
64306435393636666266336339393032653261656439393136343031376437623364373434373333
33656238306239323037663834393538623938343164306130303338356233383930616232363833
64663861616466373632363066643833313137323835383132343237313762663831386136376132
66383337373635343264336239616632643637333239613737303833353462646238336563333738
65313830633137643363623939393633383933616135613439363538363565356438653765626434
39336366363065613065313962343937343838373639623064613562646131333165333162636131
34333433663465626464623737336362643734323330326637393062653237373564363662343663
34313861626637346634303931663230396236396330356666363365386238393633333865633132
31303061633630313564653038623261653066663663313239663839653038383331653666383136
32633435326434386233306136366436333465663963366433373636393837653432386237346437
61343932613836366635353932313338666364303336303931656263323532643731313930306237
65623032313039643065613432333534653938646135346665303162313661386564363430316536
64396135636466303434363037616166666565663164626138303131313661376661343761366262
32353736333063326464316565333037343636323530366636333234393737323038623366633866
32616435626361326466393030393561336561373636343665336537306362326338336231633931
62663631333231313332376264323432653964633863323237663631393535646566366361653931
34336161393733303566333233323563363666326532333835656561636232303430373038343231
35633230323034313935363435393332323864376566626538323339343664346238623330653466
34313336316563313939353831363634306665366337393136643966363230626336393662353236
30663035313666653531383434396236373237336438636234633661396632633539396266323638
38333539346333613530326233626636333636373330343735643862303837306232616132616361
30346631393737373533353232316365623637613031326566613165633366633566303539636462
32666662643566326434323435346439323932663837316466363037656131316132333836393831
37336262366461616634643139346633313862326266356662333165623564323936326136383861
39663034393162306433316233663134346136646461313866663866363464396263643537303338
35613038336333633635613161343762633734656232373865346531303438666435663632643463
65386564623664616361653964376562383265393735633839636637306137666162366234383231
37623530313866663966616137623632386236393761383562626363653063323632343035336336
33316463626637646664613033363732373162346465343864636136306139316234316164336337
64326339386566393832653333373166363961323063373762663936636330393761366362376231
62343163646534653637666138316134653936373430376636653566613838623465303661363838
62646539376439303231383839663834393637356337343962356131323735396365666361356130
61623065623833633765666238666561626635663030353833333430363362313537656533313437
306235653162373963633937366235623164
