$ANSIBLE_VAULT;1.1;AES256
63336339333762313739376539333636303132363730323038616531636266616230376232366639
6635336662663937626339313438313435633261353535630a363036356564323530636462353932
61366437613663653864346434666531643833346530633265633536643133343533323762353230
6138643062623765330a373961623764356132313764396535666331333730356137663064633734
37316366353931383131653836663335363831376665616532663732336530316331383935303966
35616361326532386366303331613731626663303633656432306262313134613665626631376432
63666632333764383934386437323665343630316334633830633939386363376235633835353139
61666132306339356333316162623634366139623762666565376361326138636365613262346331
33636664353132656330373633336539636333666334626165386236303765643931663761366162
30356337646465346131383239656638626537663862643536383737383863313162643266623633
31663764613339306434636234623432326239383231366434613539396135333732636337663564
35363332346331346563346163313166646663393334383366353461626464333664366165363630
38396331383737663439363034353162656561643435646633633931303763653537343065393061
61323039393735663461633765393136623235386465343739326165316338656239306263313161
39626466653165636238646262333833356334373363376161383566646263616432373630313264
66653730346433306434353562666531383465396566356230313031623165663534363932346232
35623664626361306266383961306532323336623364656330666239306338666138346463326262
31386161396431303437396262323339616130633164353166343062303137643936646162626662
64323165613239336235623432633236343364366334636561326531363862373830663433333935
37303537366465646238386530666361383261336131663463623864303932373464643834333566
32343232376436643961636135306538643238396639326366313537346562383538626237343839
33653137346339666565633861343831303663653963363138326236613436616436346339393936
66666134666232626533316338653633666130356137643431653038306339373032663962303065
33663063316261613537333065383839636565383332353561623538373834653862313763396234
61323231646137373463653161326636313239313739333735386139323639663530393438366432
66323532646339323837653934636161373163363064393566666334636232623232323461643763
66633436643735333138616262373034373038643335333832346463643230353239626435633565
37613833323261383133336536333261616433626631643661396465663338643135303863313137
39333331623663373931363434626131313036393865373831316536306365323239303038306238
31663030343237366231613861623633386661376637303838333966303935396639363934396430
37613236353036343032666433383363623236356332663561643165646263303662306136323765
63333238656366656666633465336637333433356664623765613461643532353061616331393864
35366437646134363038336431363263323339333134383162323738653833633335613233316563
63343038383035636664323266333539303131613661336534346165666164666262353334613763
30633535366238353566626433306261316561346237313033666434646264356466633766316562
65623636333637363636323233646137326336643762323635363037636462613737333564303465
33356237626362646136366130356364663133626337643438343539393965623735613061343831
64386432383035656461373432666262303239623236373066643231613134396136393437623263
61626233333834316536626132356133333863656138633334376632376461646239346335636136
33626337323232383732613732393035353364636230376463303830663831633262396462326434
35323334333838313762663238663734643431383136393063393833373934333664643730626430
63366464646438376433353737373431356134616166313936306232366436653764396630356365
62386663323233356439343666356430666233616266656532333764333335636333643963353236
31663734326666366433303333613631396665633265626134396238623166386565313333306337
39616134333764333763636461323135653437346361366139303231353266656137633866306134
35616631643935643763353861653461626534346435623465383632323661643430356637646462
65386464616534366233346666633764396130393239303733303939383365666239376462646536
38613965323333373137306665653732326630323036663833353539306138353432393434623762
34323332653635393461313932346664626430666466626136313833396534323338386465393064
35626232623166326264303939653161616530363065363261313035396465633562316436326461
62323133313538653536646335343638356661356464623061386639396533626533613566313431
65346233373862356564326562613239393163636136333336626636373033353964663235383132
37303534313065646538663961616463383463326530663734356333303738333261376137386637
30306532633263313566646133663537613436613736623036656536373834373333363462336134
30343265373333343964633963363761323734303834323965306537383963663764663532623531
37313163646633636432356630373436303566626137393731613930326266393030343631613130
30613233653638386365386333663565383262646266363432393831353039366631363931353734
36336631366363353963653036623566323731316439633439353662636361326434633437646463
38666632643061373465616537663166666335303037646230373835386132363433396138353433
33646136363137613166363331303065383632326663353462313330396532356333306134393831
33313930653461623530326433613466386238656435363133373765666634613262633530313863
36303831303065656434323861633133363936363632303563373663623263336337646536333931
65313263383938393465633636306531643066343965376337333535613366346331643732383031
37343062386437623733323231626435366564653334326464393333646432616531396234393662
34646663313832343234623037633562663334383861393732636165663737626236373432313366
64643361353633363130363633653931336265303036373937633861303239663932613033343561
64383334336533366436313965626532393237613863333538363831636539336433616166363132
36636137326635663739663965306361383832623566333334613436373762336664663738383831
31646134666535326261643739636365336330343531343733363333383938363965653738633565
64326165333438646461393061626336323237616562373137656631333633306535333134336631
63336662336636643064333161333837326236393438363336653765626164623639633834666331
64316230643464316465363635663932623164306233326334323635346163616534373533363634
30633732333035393264663036343731316566653061383365633964396532633963353432663263
30636133376365633633326236613334323431313661326562326630633039303866316562636361
62316437343130356536373134666637356564633864343336376161636232363936326435353737
63376532623931643638316136616537626635393135663034343136636462613661333930303865
36333732326637636531353766616132343638363638633365373033663836643962353466646537
31376362366665366361346139386563373737386639336430386439666364383236393738326532
65343834616230396461303332663064663136363433666533653161303966613862653535316637
37376363363361383534353466356330336661323531366235356638633038383262343339313630
62353334396131663238393731386432356333373137306361363363383464353865373138373034
30363064623833303962636637343033656436306534333261373136653466306266343066313335
33363365306132396365663864393439646234346532396339343034643234396130323930323266
32613961366235633761393738343264313935323234616165646162653135303335663831343533
62313139383865366166393862383538633636333936393364646538623831306335643738643434
61376363623436626133616136613732633533366432633961393637386533663030663365333162
37656237663437363836326661373661316132613530353237623163313064613630616133363937
37306462343761616130336365343133666166623539623237373564653262303230313465376136
66303731656235613665303366383862316365353938393133323531663636393339343766653566
64343330393262356637353861323062343063363766376232663432336630316139313661303864
66653638343561663631646366306461323563376162316639633562336432666139623561336639
39356432653066643636613662316635663737393231336438303263636639653839643636303232
35376431643231396535393034356633366264653139636134633166373532663337393835656231
39666334616436323230623561353138663564626437613263393563303734323333646430303035
63396533366231623035376239373966646162363239333361326562316236313465326161643932
65663231623666653231316137653562646635623334663261393361616564363136326235353739
35643265336664326433346465353764613933336434313266613130373362376339616532343231
66346266323732626232623437303564303133343039653662363564343931633466663064316364
31386536336137313165616565323739373363333230303261363166643864373461666330383965
33636531323163636666613265653662393963613134623966343934333032383735343831333335
65653034373561343862316361643563623361343931366335343134393835343933633439353763
35323465643133643265303031303666653333373763333464336638663436326537366133333133
33383639376335383032333138363466373963323038663961656365363831386330613235396335
39663038303138396637623036353030626432393037353361363037343266343833343265616566
61336362643764326238373837653061353363646361313361623664346664636162626161323461
30313737386166656336373465323664346561393436313566346430623730643939366136333666
61316238316632396136353033313630653635346538393332653864343433346463313132393531
31376463323163373938613963626336373762383263333466613339373734666430623131656333
31343961663937386163373830323039333537646262623438383834616333303731333261643663
64323861393662336632613834636262373435326338323937336163353432393638643066306462
30386363396263666264393861363062323537326232373639616331326235346134373136396366
31633732336265366338306333643161303962316231653365343566333135336666336330353134
31643631613038333832313731663661303266313130363437643637316363346236363035643532
66383862356662376534316235666563336131656436636230306530386566366564653333616161
64323166626330373565383564386536643933343761313136303530613530373538323064376461
30346563313636313761303932353161383637336439613333613934303237346539653831626564
39623061663437636639366661373734643938366236386339643431303330656565346135613732
62636537366130663035353232663939666432313230626336626639306530636233623763653331
38306430303838346430626163336364316135356464656134333361626236666562616432383361
66383138633632383436633963323239343761326639333332633565643631616535396335356339
61623036666532313337343564396262363037333063623864613138313631323165376131666266
62383363353435346563613735303765373732303964383232373161663931636664386364303765
33643032663731653265383565666238386530313863386633353134663235343230643933633431
33326138393637383634343966313131353931626636623130346565316263613932643034336235
30383664653733333538303364336238373766306239306538353038363130656665313436356136
31346336316561643363633464623164373565326362323633363562616331356630363462626233
63623835326431653366323934363136643735636430363932366565323266626563343338613335
35333762313231653666306363346438383134353332396434653962653233356366333430303131
38663764373163396635623234383931333236656565366665633939373735636137633966396463
38396365653033666566386566646231626263303739383437646330386638393864393632643831
33613563393539393630393032353735386332623638336366376162366663363531626438306564
32363332313361656330613166323566393136343732643630626633326331613236383539386461
34383561306562636636633463653437363164333965396366346662366135653465653830386262
37343664666364393234633832636137623135636162336637393735343562613763373561353239
393139313037663633643631306561643230
