$ANSIBLE_VAULT;1.1;AES256
66643563313130653164626432316364393139626630643131353232663063353063313561653465
6663643837393664663963636533383364306363643764340a386538636466366135383137626333
32623934303663363236376236383631396436323634623930623966653330323732656366373634
6333633330333762620a363537653364373339653639353264373766663966333836653431313636
30636437393431336164346136616662613964663439306331616236343435346338316164333665
36356431373730653365373036333662393464616263343139303361323431373732366661353339
32633533323539623533613661396435356262623366376666636162373931383834326139333765
65623932323737616634653037306439653362303662313533653262663263333666636562363338
62633037633961663565336665343362323764653531326162383134303365653630313233393931
31383134663139626434313630383465316666353237303565343866656463373662616365663839
66656465643063663133616234306237336538323232393863376434613634653462623464333866
38663364636562616332323037653664643163396261666130396438383764643361623539363837
3938
